0.80,0.80,0.80,0.80,0.80,0.80,0.80,0.80,0.80,0.802,0.802,0.802,0.802,0.802,0.802,0.802,0.802,0.802,0.802,0.802,0.8025,0.8025,0.8025,0.8025,0.8031,0.8031,0.8031,0.8031,0.807,0.807,0.807,0.807,0.807,0.8072,0.8072,0.8072,0.8096,0.8096,0.8096,0.8096,0.8096,0.8096,0.8096,0.8096,0.8096,0.811,0.811,0.811,0.811,0.811,0.811,0.811,0.811,0.811,0.811,0.811,0.8142,0.8142,0.8142,0.8142,0.8142,0.8169,0.8169,0.8169,0.8169,0.8169,0.8169,0.818,0.818,0.818,0.818,0.818,0.818,0.818,0.818

0.768,0.768,0.768,0.768,0.768,0.768,0.768,0.768,0.768,0.768,0.768,0.768,0.769,0.769,0.769,0.769,0.769,0.769,0.769,0.771,0.771,0.771,0.771,0.774,0.774,0.774,0.7762,0.7762,0.7762,0.7762,0.779,0.779,0.779,0.779,0.779,0.779,0.779,0.779,0.779,0.779,0.779,0.779,0.779,0.7823,0.7823,0.7823,0.783,0.783,0.783,0.783,0.783,0.783,0.783,0.7864,0.7864,0.7864,0.7864,0.787,0.787,0.787,0.787,0.787,0.787,0.787,0.7886,0.7886,0.7886,0.7886,0.789,0.789,0.789,0.79,0.79,0.79,0.79,0.79,0.79,0.79,0.79,0.79

0.793,0.793,0.793,0.7965,0.7965,0.7965,0.7965,0.7965,0.799,0.799,0.799,0.799,0.806,0.806,0.806,0.806,0.806,0.806,0.806,0.806,0.807,0.8074,0.812,0.812,0.812,0.812,0.812,0.812,0.812,0.812,0.812,0.812,0.812,0.812,0.812,0.812,0.817,0.817,0.817,0.817,0.817,0.817,0.817,0.817,0.817,0.817,0.819,0.819,0.819,0.822,0.822,0.822,0.822,0.822,0.822,0.822,0.8236,0.8236,0.8236,0.8236,0.8236,0.8236,0.8236,0.830,0.830,0.830,0.830,0.830,0.8312,0.8312,0.8312,0.8312,0.832,0.832,0.832

0.796,0.796,0.796,0.796,0.796,0.7968,0.7968,0.7968,0.7968,0.7968,0.7968,0.798,0.798,0.798,0.798,0.798,0.798,0.798,0.798,0.798,0.798,0.798,0.7992,0.7992,0.7992,0.7992,0.802,0.802,0.802,0.802,0.802,0.802,0.802,0.807,0.807,0.807,0.807,0.815,0.815,0.815,0.815,0.8155,0.8155,0.8155,0.8155,0.818,0.818,0.818,0.818,0.818,0.818,0.8203,0.8203,0.8203,0.8203,0.8203,0.8203,0.8203,0.8203,0.8203,0.8215,0.8215,0.8215,0.8215,0.8215,0.8215,0.8215,0.8215,0.822,0.822,0.822,0.822,0.822,0.822

\\0.802,0.802,0.802,0.802,0.8065,0.8065,0.8065,0.8065,0.8065,0.8065,0.8065,0.8065,0.809,0.809,0.809,0.809,0.809,0.813,0.813,0.813,0.813,0.8167,0.\\8167,0.8167,0.8167,0.8167,0.8167,0.82,0.82,0.82,0.82,0.82,0.82,0.822,0.822,0.822,0.822,0.822,0.822,0.822,0.8\\265,0.8265,0.8265,0.8265,0.8265,0.829,0.829,0.829,0.829,0.831,0.831,0.831,0.831,0.831,0.831,0.831,0.831

0.785,0.785,0.785,0.785,0.785,0.787,0.787,0.787,0.787,0.787,0.787,0.7886,0.7886,0.7886,0.7886,0.7886,0.7886,0.7886,0.792,0.792,0.792,0.792,0.792,0.792,0.792,0.792,0.792,0.7943,0.7943,0.7943,0.7943,0.7943,0.7943,0.7943,0.7943,0.7965,0.7965,0.7965,0.7965,0.7965,0.7965,0.7965,0.7965,0.80,0.80,0.80,0.80,0.80,0.80,0.80,0.80,0.80,0.80,0.8021,0.8021,0.8021,0.8021,0.8021,0.8021,0.8021,0.8045,0.8045,0.8045,0.8045,0.8045,0.806,0.806,0.806,0.806,0.806,0.809,0.809,0.809,0.809,0.809

0.79,0.79,0.79,0.79,0.79,0.79,0.79,0.79,0.79,0.7921,0.7921,0.7921,0.7921,0.7921,0.7921,0.7921,0.7921,0.7921,0.794,0.794,0.794,0.794,0.794,0.794,0.794,0.794,0.794,0.7972,0.7972,0.7972,0.7972,0.7972,0.7972,0.7972,0.7972,0.7972,0.7972,0.7972,0.7972,0.799,0.799,0.799,0.799,0.799,0.799,0.799,0.799,0.799,0.799,0.8025,0.8025,0.8025,0.8025,0.8025,0.8025,0.8025,0.8025,0.806,0.806,0.806,0.806,0.806,0.806,0.806,0.806,0.806,0.806,0.8082,0.8082,0.8082,0.81,0.81,0.81,0.81,0.81,0.81